176.906836473 1
177.430857007 0
177.954877541 0
178.478898075 0
179.00291861 0
179.526939144 0
180.050959678 1
180.574980212 0
181.099000746 0
181.62302128 0
182.147041814 3
182.671062349 4
183.195082883 4
183.719103417 8
184.243123951 8
184.767144485 14
185.291165019 19
185.815185553 13
186.339206088 26
186.863226622 29
187.387247156 44
187.91126769 58
188.435288224 71
188.959308758 80
189.483329292 78
190.007349827 113
190.531370361 134
191.055390895 162
191.579411429 166
192.103431963 199
192.627452497 257
193.151473031 260
193.675493565 281
194.1995141 303
194.723534634 348
195.247555168 391
195.771575702 408
196.295596236 458
196.81961677 411
197.343637304 399
197.867657839 497
198.391678373 479
198.915698907 508
199.439719441 479
199.963739975 536
200.487760509 524
201.011781043 517
201.535801578 517
202.059822112 501
202.583842646 530
203.10786318 493
203.631883714 461
204.155904248 468
204.679924782 434
205.203945317 389
205.727965851 364
206.251986385 388
206.776006919 322
207.300027453 330
207.824047987 296
208.348068521 288
208.872089056 257
209.39610959 212
209.920130124 187
210.444150658 183
210.968171192 156
211.492191726 160
212.01621226 142
212.540232795 130
213.064253329 105
213.588273863 98
214.112294397 96
214.636314931 62
215.160335465 59
215.684355999 45
216.208376534 52
216.732397068 41
217.256417602 34
217.780438136 26
218.30445867 23
218.828479204 26
219.352499738 17
219.876520272 16
220.400540807 10
220.924561341 12
221.448581875 9
221.972602409 12
222.496622943 9
223.020643477 7
223.544664011 5
224.068684546 2
224.59270508 3
225.116725614 3
225.640746148 3
226.164766682 2
226.688787216 5
227.21280775 2
227.736828285 1
228.260848819 2
228.784869353 2
