179.945101699 1
180.509022896 1
181.072944093 1
181.63686529 2
182.200786487 3
182.764707684 3
183.328628881 9
183.892550078 12
184.456471275 7
185.020392473 14
185.58431367 30
186.148234867 27
186.712156064 30
187.276077261 47
187.839998458 61
188.403919655 65
188.967840852 79
189.531762049 83
190.095683246 113
190.659604443 134
191.22352564 164
191.787446837 194
192.351368034 201
192.915289231 214
193.479210428 259
194.043131626 305
194.607052823 350
195.17097402 350
195.734895217 369
196.298816414 397
196.862737611 437
197.426658808 444
197.990580005 443
198.554501202 460
199.118422399 473
199.682343596 468
200.246264793 456
200.81018599 443
201.374107187 482
201.938028384 447
202.501949581 480
203.065870778 416
203.629791976 467
204.193713173 382
204.75763437 357
205.321555567 331
205.885476764 326
206.449397961 306
207.013319158 282
207.577240355 262
208.141161552 245
208.705082749 199
209.269003946 188
209.832925143 171
210.39684634 149
210.960767537 145
211.524688734 113
212.088609931 134
212.652531128 102
213.216452326 81
213.780373523 64
214.34429472 69
214.908215917 57
215.472137114 45
216.036058311 44
216.599979508 43
217.163900705 19
217.727821902 22
218.291743099 28
218.855664296 18
219.419585493 18
219.98350669 14
220.547427887 7
221.111349084 11
221.675270281 10
222.239191479 5
222.803112676 8
223.367033873 3
223.93095507 4
224.494876267 2
225.058797464 2
225.622718661 1
226.186639858 0
226.750561055 0
227.314482252 0
227.878403449 0
228.442324646 0
229.006245843 0
229.57016704 0
230.134088237 0
230.698009434 1
231.261930631 0
231.825851829 0
232.389773026 0
232.953694223 0
233.51761542 0
234.081536617 0
234.645457814 1
235.209379011 0
235.773300208 1
